deptime	AVG(depdelay15bool)
0	0.0000
1	0.4397
2	0.4439
3	0.4696
4	0.4353
5	0.5450
6	0.5652
7	0.5463
8	0.5565
9	0.4948
10	0.6190
11	0.6028
12	0.5733
13	0.5762
14	0.6334
15	0.6338
16	0.6861
17	0.6146
18	0.6375
19	0.5272
20	0.5952
21	0.6075
22	0.5658
23	0.5741
24	0.4970
25	0.4604
26	0.4507
27	0.4188
28	0.4104
29	0.3886
30	0.3736
31	0.4224
32	0.3934
33	0.4566
34	0.4505
35	0.3406
36	0.3925
37	0.4436
38	0.4045
39	0.3643
40	0.3934
41	0.4391
42	0.4675
43	0.4903
44	0.4017
45	0.4741
46	0.3624
47	0.4087
48	0.4471
49	0.4186
50	0.4502
51	0.4378
52	0.4160
53	0.4643
54	0.4257
55	0.4195
56	0.4324
57	0.3626
58	0.4383
59	0.3110
100	0.3869
101	0.4481
102	0.4346
103	0.4303
104	0.3920
105	0.4359
106	0.4464
107	0.4800
108	0.4485
109	0.4922
110	0.5098
111	0.4295
112	0.4331
113	0.3509
114	0.4063
115	0.4559
116	0.4634
117	0.3333
118	0.4510
119	0.4553
120	0.4867
121	0.5000
122	0.4595
123	0.6220
124	0.4787
125	0.5217
126	0.5119
127	0.4400
128	0.5506
129	0.5054
130	0.6024
131	0.5479
132	0.4429
133	0.5405
134	0.4368
135	0.4627
136	0.4342
137	0.4878
138	0.4308
139	0.4189
140	0.5116
141	0.4253
142	0.3857
143	0.3333
144	0.3371
145	0.4524
146	0.3088
147	0.3056
148	0.2535
149	0.2500
150	0.2632
151	0.5072
152	0.3889
153	0.3607
154	0.4167
155	0.5283
156	0.5227
157	0.5686
158	0.6250
159	0.5000
200	0.4722
201	0.7097
202	0.4118
203	0.6389
204	0.5429
205	0.8182
206	0.7059
207	0.7419
208	0.4545
209	0.5000
210	0.6047
211	0.7826
212	0.4800
213	0.6538
214	0.8571
215	0.5000
216	0.5000
217	0.5652
218	0.6111
219	0.6818
220	0.5833
221	0.6154
222	0.6154
223	0.7222
224	0.7778
225	0.4783
226	0.4800
227	0.4138
228	0.4615
229	0.3871
230	0.3000
231	0.4138
232	0.3636
233	0.2571
234	0.3333
235	0.3023
236	0.2444
237	0.4000
238	0.3793
239	0.2059
240	0.4615
241	0.3125
242	0.3462
243	0.5000
244	0.3333
245	0.3043
246	0.4000
247	0.7500
248	0.5909
249	0.6000
250	0.4000
251	0.3846
252	0.5714
253	0.6154
254	0.5556
255	0.5000
256	0.6000
257	0.5000
258	0.8000
259	0.6667
300	0.1429
301	0.4545
302	0.3000
303	0.6250
304	0.2667
305	0.3200
306	0.3750
307	0.3158
308	0.3043
309	0.1000
310	0.0714
311	0.5263
312	0.3125
313	0.4000
314	0.2667
315	0.2105
316	0.5000
317	0.1667
318	0.1875
319	0.2500
320	0.1818
321	0.3529
322	0.2609
323	0.3125
324	0.2273
325	0.3750
326	0.1111
327	0.1111
328	0.1429
329	0.1111
330	0.2000
331	0.3077
332	0.3846
333	0.3750
334	0.5455
335	0.5556
336	0.6000
337	0.5000
338	0.2000
339	0.6667
340	0.3000
341	0.2000
342	0.4000
343	0.5556
344	0.0000
345	0.3333
346	0.4000
347	0.0000
348	0.4000
349	0.4000
350	0.4615
351	0.2667
352	0.2857
353	0.3333
354	0.1111
355	0.1500
356	0.1818
357	0.6364
358	0.2000
359	0.6000
400	0.4000
401	0.3750
402	0.5000
403	0.2222
404	0.3000
405	0.3077
406	0.2500
407	0.1538
408	0.0667
409	0.0526
410	0.0000
411	0.1250
412	0.1333
413	0.3158
414	0.1000
415	0.1818
416	0.3077
417	0.2000
418	0.3333
419	0.3750
420	0.2143
421	0.4000
422	0.2500
423	0.2105
424	0.2222
425	0.1000
426	0.4444
427	0.0000
428	0.3333
429	0.3333
431	0.3333
432	1.0000
433	1.0000
434	1.0000
435	0.6000
436	0.6667
437	1.0000
438	0.6667
439	1.0000
440	1.0000
441	1.0000
442	0.6667
443	0.7500
444	0.0000
445	0.5000
446	0.3333
447	0.0952
448	0.1724
449	0.0161
450	0.0000
451	0.0152
452	0.0038
453	0.0101
454	0.0000
455	0.0017
456	0.0067
457	0.0019
458	0.0097
459	0.0064
500	0.0000
501	0.0032
502	0.0068
503	0.0061
504	0.0100
505	0.0047
506	0.0000
507	0.0000
508	0.0051
509	0.0015
510	0.0013
511	0.0015
512	0.0000
513	0.0074
514	0.0031
515	0.0152
516	0.0347
517	0.0121
518	0.0050
519	0.0088
520	0.0120
521	0.0099
522	0.0051
523	0.0142
524	0.0058
525	0.0091
526	0.0122
527	0.0146
528	0.0056
529	0.0047
530	0.0165
531	0.0176
532	0.0132
533	0.0179
534	0.0150
535	0.0202
536	0.0166
537	0.0131
538	0.0090
539	0.0060
540	0.0099
541	0.0101
542	0.0112
543	0.0076
544	0.0087
545	0.0128
546	0.0149
547	0.0186
548	0.0122
549	0.0113
550	0.0060
551	0.0058
552	0.0043
553	0.0023
554	0.0021
555	0.0023
556	0.0028
557	0.0016
558	0.0022
559	0.0031
600	0.0057
601	0.0105
602	0.0060
603	0.0089
604	0.0093
605	0.0149
606	0.0132
607	0.0143
608	0.0126
609	0.0105
610	0.0128
611	0.0155
612	0.0095
613	0.0123
614	0.0097
615	0.0644
616	0.0638
617	0.0575
618	0.0544
619	0.0461
620	0.0609
621	0.0524
622	0.0494
623	0.0368
624	0.0337
625	0.0350
626	0.0330
627	0.0355
628	0.0389
629	0.0363
630	0.0480
631	0.0572
632	0.0555
633	0.0612
634	0.0557
635	0.0573
636	0.0575
637	0.0470
638	0.0452
639	0.0425
640	0.0409
641	0.0474
642	0.0442
643	0.0487
644	0.0462
645	0.0632
646	0.0688
647	0.0623
648	0.0471
649	0.0386
650	0.0452
651	0.0397
652	0.0340
653	0.0257
654	0.0218
655	0.0241
656	0.0219
657	0.0224
658	0.0229
659	0.0246
700	0.0318
701	0.0422
702	0.0389
703	0.0418
704	0.0388
705	0.0477
706	0.0511
707	0.0429
708	0.0434
709	0.0334
710	0.0439
711	0.0387
712	0.0439
713	0.0423
714	0.0424
715	0.0768
716	0.0735
717	0.0729
718	0.0788
719	0.0653
720	0.0659
721	0.0600
722	0.0626
723	0.0567
724	0.0482
725	0.0548
726	0.0546
727	0.0553
728	0.0573
729	0.0535
730	0.0760
731	0.0947
732	0.0859
733	0.0770
734	0.0811
735	0.0822
736	0.0897
737	0.0846
738	0.0742
739	0.0672
740	0.0848
741	0.0799
742	0.0791
743	0.0751
744	0.0706
745	0.0957
746	0.1079
747	0.0878
748	0.0854
749	0.0723
750	0.0722
751	0.0829
752	0.0701
753	0.0635
754	0.0506
755	0.0514
756	0.0504
757	0.0493
758	0.0524
759	0.0482
800	0.0659
801	0.0759
802	0.0676
803	0.0689
804	0.0706
805	0.0707
806	0.0694
807	0.0692
808	0.0624
809	0.0594
810	0.0705
811	0.0733
812	0.0725
813	0.0690
814	0.0698
815	0.1022
816	0.0993
817	0.0967
818	0.0906
819	0.0838
820	0.0928
821	0.0929
822	0.0906
823	0.0853
824	0.0669
825	0.0756
826	0.0760
827	0.0723
828	0.0676
829	0.0718
830	0.0837
831	0.0943
832	0.0920
833	0.0934
834	0.0880
835	0.0957
836	0.0975
837	0.0925
838	0.0839
839	0.0759
840	0.0934
841	0.0970
842	0.0880
843	0.0875
844	0.0842
845	0.1129
846	0.1160
847	0.1157
848	0.0991
849	0.0977
850	0.1131
851	0.1146
852	0.0981
853	0.0926
854	0.0844
855	0.0869
856	0.0953
857	0.0813
858	0.0884
859	0.0814
900	0.1147
901	0.1153
902	0.1250
903	0.1222
904	0.1191
905	0.1338
906	0.1285
907	0.1350
908	0.1202
909	0.1108
910	0.1310
911	0.1379
912	0.1373
913	0.1263
914	0.1298
915	0.1604
916	0.1764
917	0.1744
918	0.1472
919	0.1520
920	0.1476
921	0.1537
922	0.1434
923	0.1346
924	0.1250
925	0.1351
926	0.1244
927	0.1240
928	0.1289
929	0.1238
930	0.1460
931	0.1517
932	0.1555
933	0.1543
934	0.1262
935	0.1366
936	0.1424
937	0.1387
938	0.1147
939	0.1162
940	0.1236
941	0.1153
942	0.1220
943	0.1106
944	0.1118
945	0.1308
946	0.1308
947	0.1291
948	0.1218
949	0.1093
950	0.1155
951	0.1185
952	0.1035
953	0.0959
954	0.0905
955	0.0958
956	0.1007
957	0.0953
958	0.0949
959	0.0950
1000	0.1140
1001	0.1164
1002	0.1168
1003	0.1128
1004	0.0994
1005	0.1164
1006	0.1142
1007	0.1160
1008	0.1140
1009	0.1084
1010	0.1180
1011	0.1239
1012	0.1195
1013	0.1302
1014	0.1337
1015	0.1434
1016	0.1591
1017	0.1471
1018	0.1592
1019	0.1411
1020	0.1526
1021	0.1533
1022	0.1529
1023	0.1311
1024	0.1302
1025	0.1472
1026	0.1470
1027	0.1492
1028	0.1469
1029	0.1353
1030	0.1703
1031	0.1736
1032	0.1676
1033	0.1601
1034	0.1572
1035	0.1749
1036	0.1752
1037	0.1710
1038	0.1648
1039	0.1468
1040	0.1678
1041	0.1768
1042	0.1706
1043	0.1744
1044	0.1594
1045	0.1847
1046	0.1827
1047	0.1668
1048	0.1606
1049	0.1491
1050	0.1663
1051	0.1581
1052	0.1528
1053	0.1445
1054	0.1347
1055	0.1569
1056	0.1493
1057	0.1505
1058	0.1408
1059	0.1338
1100	0.1578
1101	0.1544
1102	0.1595
1103	0.1605
1104	0.1483
1105	0.1685
1106	0.1618
1107	0.1658
1108	0.1595
1109	0.1472
1110	0.1739
1111	0.1807
1112	0.1609
1113	0.1562
1114	0.1499
1115	0.1782
1116	0.1741
1117	0.1776
1118	0.1542
1119	0.1425
1120	0.1598
1121	0.1587
1122	0.1505
1123	0.1504
1124	0.1389
1125	0.1453
1126	0.1555
1127	0.1571
1128	0.1541
1129	0.1530
1130	0.1783
1131	0.1992
1132	0.2077
1133	0.1874
1134	0.1856
1135	0.1899
1136	0.2040
1137	0.2038
1138	0.1900
1139	0.1689
1140	0.2035
1141	0.1982
1142	0.2075
1143	0.1867
1144	0.1838
1145	0.2052
1146	0.2073
1147	0.2082
1148	0.1841
1149	0.1858
1150	0.1860
1151	0.1840
1152	0.1809
1153	0.1670
1154	0.1627
1155	0.1685
1156	0.1736
1157	0.1663
1158	0.1537
1159	0.1556
1200	0.1868
1201	0.1863
1202	0.1855
1203	0.1735
1204	0.1640
1205	0.1909
1206	0.2000
1207	0.1896
1208	0.1716
1209	0.1634
1210	0.2005
1211	0.2035
1212	0.1957
1213	0.1885
1214	0.1738
1215	0.2227
1216	0.2155
1217	0.2190
1218	0.2056
1219	0.1924
1220	0.2040
1221	0.2089
1222	0.1966
1223	0.1955
1224	0.1789
1225	0.1835
1226	0.1996
1227	0.1788
1228	0.1820
1229	0.1841
1230	0.2023
1231	0.2251
1232	0.2068
1233	0.2043
1234	0.1951
1235	0.2151
1236	0.2080
1237	0.2156
1238	0.2033
1239	0.1923
1240	0.1997
1241	0.2114
1242	0.1911
1243	0.1876
1244	0.1839
1245	0.2031
1246	0.2091
1247	0.1967
1248	0.1845
1249	0.1748
1250	0.1886
1251	0.1930
1252	0.1661
1253	0.1559
1254	0.1466
1255	0.1576
1256	0.1573
1257	0.1630
1258	0.1590
1259	0.1554
1300	0.1806
1301	0.1922
1302	0.1848
1303	0.1821
1304	0.1680
1305	0.1956
1306	0.1986
1307	0.1844
1308	0.1769
1309	0.1762
1310	0.1947
1311	0.1980
1312	0.1967
1313	0.1896
1314	0.1899
1315	0.2298
1316	0.2226
1317	0.2186
1318	0.2110
1319	0.2154
1320	0.2208
1321	0.2245
1322	0.2158
1323	0.2251
1324	0.1909
1325	0.2184
1326	0.2271
1327	0.2230
1328	0.2054
1329	0.2135
1330	0.2371
1331	0.2497
1332	0.2406
1333	0.2438
1334	0.2238
1335	0.2532
1336	0.2515
1337	0.2310
1338	0.2081
1339	0.1930
1340	0.2092
1341	0.2106
1342	0.2027
1343	0.2068
1344	0.1921
1345	0.2147
1346	0.2168
1347	0.2089
1348	0.2077
1349	0.1910
1350	0.2086
1351	0.2071
1352	0.1949
1353	0.1877
1354	0.1752
1355	0.1925
1356	0.1967
1357	0.1963
1358	0.1871
1359	0.1955
1400	0.2217
1401	0.2344
1402	0.2283
1403	0.2284
1404	0.2314
1405	0.2589
1406	0.2606
1407	0.2520
1408	0.2406
1409	0.2245
1410	0.2725
1411	0.2550
1412	0.2498
1413	0.2449
1414	0.2383
1415	0.2736
1416	0.2872
1417	0.2642
1418	0.2562
1419	0.2448
1420	0.2634
1421	0.2500
1422	0.2468
1423	0.2196
1424	0.1980
1425	0.2090
1426	0.2226
1427	0.2111
1428	0.2051
1429	0.2020
1430	0.2411
1431	0.2457
1432	0.2333
1433	0.2373
1434	0.2305
1435	0.2528
1436	0.2547
1437	0.2535
1438	0.2320
1439	0.2201
1440	0.2424
1441	0.2545
1442	0.2359
1443	0.2251
1444	0.2293
1445	0.2643
1446	0.2654
1447	0.2516
1448	0.2266
1449	0.2312
1450	0.2334
1451	0.2221
1452	0.2079
1453	0.1841
1454	0.1774
1455	0.1987
1456	0.1969
1457	0.1944
1458	0.1790
1459	0.1806
1500	0.2118
1501	0.2281
1502	0.2221
1503	0.2163
1504	0.2099
1505	0.2334
1506	0.2408
1507	0.2211
1508	0.2162
1509	0.2074
1510	0.2322
1511	0.2307
1512	0.2338
1513	0.2315
1514	0.2409
1515	0.2752
1516	0.2911
1517	0.2869
1518	0.2762
1519	0.2437
1520	0.2725
1521	0.2794
1522	0.2635
1523	0.2519
1524	0.2336
1525	0.2500
1526	0.2502
1527	0.2475
1528	0.2339
1529	0.2348
1530	0.2536
1531	0.2572
1532	0.2430
1533	0.2554
1534	0.2405
1535	0.2684
1536	0.2688
1537	0.2713
1538	0.2521
1539	0.2405
1540	0.2579
1541	0.2639
1542	0.2754
1543	0.2482
1544	0.2474
1545	0.2985
1546	0.2949
1547	0.2834
1548	0.2889
1549	0.2685
1550	0.2855
1551	0.2910
1552	0.2689
1553	0.2572
1554	0.2369
1555	0.2531
1556	0.2469
1557	0.2537
1558	0.2344
1559	0.2274
1600	0.2706
1601	0.2762
1602	0.2846
1603	0.2598
1604	0.2662
1605	0.2737
1606	0.2813
1607	0.2737
1608	0.2565
1609	0.2448
1610	0.2874
1611	0.2894
1612	0.2721
1613	0.2729
1614	0.2487
1615	0.3071
1616	0.2884
1617	0.2919
1618	0.2819
1619	0.2568
1620	0.2788
1621	0.2811
1622	0.2591
1623	0.2559
1624	0.2392
1625	0.2496
1626	0.2508
1627	0.2427
1628	0.2354
1629	0.2214
1630	0.2631
1631	0.2734
1632	0.2704
1633	0.2495
1634	0.2448
1635	0.2773
1636	0.2614
1637	0.2689
1638	0.2597
1639	0.2480
1640	0.2712
1641	0.2903
1642	0.2664
1643	0.2534
1644	0.2489
1645	0.2757
1646	0.2801
1647	0.2729
1648	0.2569
1649	0.2406
1650	0.2436
1651	0.2609
1652	0.2561
1653	0.2291
1654	0.2115
1655	0.2270
1656	0.2337
1657	0.2263
1658	0.2125
1659	0.2157
1700	0.2476
1701	0.2731
1702	0.2506
1703	0.2468
1704	0.2476
1705	0.2639
1706	0.2786
1707	0.2677
1708	0.2505
1709	0.2537
1710	0.2608
1711	0.2716
1712	0.2554
1713	0.2655
1714	0.2476
1715	0.2958
1716	0.2872
1717	0.2923
1718	0.2770
1719	0.2593
1720	0.2770
1721	0.2744
1722	0.2668
1723	0.2486
1724	0.2358
1725	0.2458
1726	0.2653
1727	0.2492
1728	0.2517
1729	0.2464
1730	0.2808
1731	0.2697
1732	0.2722
1733	0.2781
1734	0.2622
1735	0.2912
1736	0.2822
1737	0.2661
1738	0.2561
1739	0.2517
1740	0.2693
1741	0.2738
1742	0.2687
1743	0.2599
1744	0.2477
1745	0.2797
1746	0.2878
1747	0.2733
1748	0.2712
1749	0.2604
1750	0.2701
1751	0.2711
1752	0.2691
1753	0.2551
1754	0.2341
1755	0.2682
1756	0.2559
1757	0.2548
1758	0.2649
1759	0.2511
1800	0.3007
1801	0.3223
1802	0.3078
1803	0.3053
1804	0.2867
1805	0.3192
1806	0.3227
1807	0.3134
1808	0.3028
1809	0.2951
1810	0.3200
1811	0.3293
1812	0.3066
1813	0.3028
1814	0.3071
1815	0.3502
1816	0.3628
1817	0.3567
1818	0.3400
1819	0.3241
1820	0.3410
1821	0.3414
1822	0.3321
1823	0.3253
1824	0.3017
1825	0.3146
1826	0.3063
1827	0.3258
1828	0.3002
1829	0.2957
1830	0.3298
1831	0.3500
1832	0.3414
1833	0.3282
1834	0.3244
1835	0.3337
1836	0.3389
1837	0.3333
1838	0.3220
1839	0.2978
1840	0.3154
1841	0.3362
1842	0.3325
1843	0.3097
1844	0.2956
1845	0.3311
1846	0.3406
1847	0.3215
1848	0.3030
1849	0.3004
1850	0.3162
1851	0.3058
1852	0.2873
1853	0.2670
1854	0.2711
1855	0.2881
1856	0.3003
1857	0.2830
1858	0.2758
1859	0.2695
1900	0.3089
1901	0.3019
1902	0.3045
1903	0.2987
1904	0.2865
1905	0.3257
1906	0.3281
1907	0.3089
1908	0.3095
1909	0.2966
1910	0.3350
1911	0.3269
1912	0.3294
1913	0.3071
1914	0.2937
1915	0.3258
1916	0.3362
1917	0.3262
1918	0.3179
1919	0.3016
1920	0.3285
1921	0.3082
1922	0.3184
1923	0.3057
1924	0.2914
1925	0.3088
1926	0.3138
1927	0.3084
1928	0.2925
1929	0.2925
1930	0.3203
1931	0.3447
1932	0.3370
1933	0.3215
1934	0.3127
1935	0.3379
1936	0.3444
1937	0.3127
1938	0.3092
1939	0.3014
1940	0.3207
1941	0.3136
1942	0.3229
1943	0.3101
1944	0.2935
1945	0.3289
1946	0.3515
1947	0.3286
1948	0.3087
1949	0.3068
1950	0.3224
1951	0.3115
1952	0.3095
1953	0.2885
1954	0.2780
1955	0.3038
1956	0.2927
1957	0.2932
1958	0.2856
1959	0.2948
2000	0.3153
2001	0.3200
2002	0.3158
2003	0.3088
2004	0.3142
2005	0.3462
2006	0.3359
2007	0.3479
2008	0.3475
2009	0.3382
2010	0.3453
2011	0.3700
2012	0.3545
2013	0.3741
2014	0.3547
2015	0.3966
2016	0.4016
2017	0.4094
2018	0.4077
2019	0.3943
2020	0.4255
2021	0.4269
2022	0.4177
2023	0.3987
2024	0.3813
2025	0.4022
2026	0.4166
2027	0.3900
2028	0.3754
2029	0.3588
2030	0.3880
2031	0.4064
2032	0.4073
2033	0.3930
2034	0.3833
2035	0.4015
2036	0.3980
2037	0.4022
2038	0.3765
2039	0.3795
2040	0.3836
2041	0.4053
2042	0.4100
2043	0.3914
2044	0.3857
2045	0.4136
2046	0.4242
2047	0.4155
2048	0.3827
2049	0.3584
2050	0.3719
2051	0.3814
2052	0.3682
2053	0.3510
2054	0.3352
2055	0.3579
2056	0.3560
2057	0.3478
2058	0.3420
2059	0.3189
2100	0.3543
2101	0.3751
2102	0.3755
2103	0.3635
2104	0.3531
2105	0.3901
2106	0.3861
2107	0.3876
2108	0.3978
2109	0.3394
2110	0.4025
2111	0.4059
2112	0.4071
2113	0.3966
2114	0.4177
2115	0.4561
2116	0.4682
2117	0.5080
2118	0.4690
2119	0.4911
2120	0.4861
2121	0.5028
2122	0.5270
2123	0.4677
2124	0.4623
2125	0.4930
2126	0.5055
2127	0.4930
2128	0.4810
2129	0.4882
2130	0.5135
2131	0.5125
2132	0.5159
2133	0.4934
2134	0.4596
2135	0.4757
2136	0.4490
2137	0.4230
2138	0.4143
2139	0.3742
2140	0.3783
2141	0.3925
2142	0.3737
2143	0.3425
2144	0.3415
2145	0.3556
2146	0.3560
2147	0.3386
2148	0.3161
2149	0.3097
2150	0.2959
2151	0.3123
2152	0.2989
2153	0.2934
2154	0.2774
2155	0.3019
2156	0.3382
2157	0.3270
2158	0.3273
2159	0.3088
2200	0.3672
2201	0.3712
2202	0.3901
2203	0.3694
2204	0.3760
2205	0.4106
2206	0.4097
2207	0.3858
2208	0.3816
2209	0.3611
2210	0.4229
2211	0.4285
2212	0.4225
2213	0.4336
2214	0.4175
2215	0.4585
2216	0.4739
2217	0.4727
2218	0.4751
2219	0.4919
2220	0.4946
2221	0.5064
2222	0.4981
2223	0.4961
2224	0.4833
2225	0.4866
2226	0.4863
2227	0.4875
2228	0.4612
2229	0.4719
2230	0.4935
2231	0.5273
2232	0.5306
2233	0.5230
2234	0.5151
2235	0.5497
2236	0.5227
2237	0.5111
2238	0.4965
2239	0.4475
2240	0.4402
2241	0.4332
2242	0.4343
2243	0.4127
2244	0.3972
2245	0.4065
2246	0.4237
2247	0.4409
2248	0.4175
2249	0.4265
2250	0.4006
2251	0.4112
2252	0.4039
2253	0.3837
2254	0.3536
2255	0.4092
2256	0.4241
2257	0.4463
2258	0.4621
2259	0.4259
2300	0.5175
2301	0.5300
2302	0.5212
2303	0.4969
2304	0.5059
2305	0.5558
2306	0.5056
2307	0.5354
2308	0.5102
2309	0.5205
2310	0.5361
2311	0.5199
2312	0.5750
2313	0.5377
2314	0.5640
2315	0.5542
2316	0.6199
2317	0.5821
2318	0.5934
2319	0.5694
2320	0.5734
2321	0.5655
2322	0.5462
2323	0.4938
2324	0.5198
2325	0.4624
2326	0.4816
2327	0.4511
2328	0.4588
2329	0.4324
2330	0.4672
2331	0.5215
2332	0.4696
2333	0.5340
2334	0.4748
2335	0.5112
2336	0.4928
2337	0.5276
2338	0.4652
2339	0.4440
2340	0.4835
2341	0.4718
2342	0.4183
2343	0.4260
2344	0.3947
2345	0.4210
2346	0.4027
2347	0.3561
2348	0.3768
2349	0.2857
2350	0.3369
2351	0.3314
2352	0.2798
2353	0.2857
2354	0.2866
2355	0.3165
2356	0.2900
2357	0.3006
2358	0.3308
2359	0.3202
2400	0.3696
